  | m1 m2 m3 m4 m5 m6 m7 m8 | w1 w2 w3 w4 w5 |  P
===================================================
  |  1  1  0  0  0  0  0  0 |  1  0  0  0  0 |   2
  |  0  1  1  1  0  0  0  0 |  0  1  0  0  0 |   3
  |  0  0  1  1  1  1  0  0 |  0  0  1  0  0 |   2
  |  0  0  0  1  0  1  1  0 |  0  0  0  1  0 |   4
  |  1  1  1  1  1  1  1  1 |  0  0  0  0  1 |   8
--+-------------------------+----------------+-----
  |  0  0  0  0  0  0  0  0 | -1 -1 -1 -1 -1 |   0
===================================================
  |  1  1  0  0  0  0  0  0 |  1  0  0  0  0 |   2
  |  0  1  1  1  0  0  0  0 |  0  1  0  0  0 |   3
  |  0  0  1  1  1  1  0  0 |  0  0  1  0  0 |   2
  |  0  0  0  1  0  1  1  0 |  0  0  0  1  0 |   4
  |  1  1  1  1  1  1  1  1 |  0  0  0  0  1 |   8
--+-------------------------+----------------+-----
  |  2  3  3  3  3  3  2  1 |  0  0  0  0  0 |  19
===================================================
 *|  1  1  0  0  0  0  0  0 |  1  0  0  0  0 |   2
  |  0  1  1  1  0  0  0  0 |  0  1  0  0  0 |   3
  |  0  0  1  1  1  1  0  0 |  0  0  1  0  0 |   2
  |  0  0  0  1  0  1  1  0 |  0  0  0  1  0 |   4
-1|  0  0  1  1  1  1  1  1 | -1  0  0  0  1 |   6
--+-------------------------+----------------+-----
-2|  0  1  3  3  3  3  2  1 | -2  0  0  0  0 |  15
===================================================
  |  1  1  0  0  0  0  0  0 |  1  0  0  0  0 |   2
-1|  0  1  0  0 -1 -1  0  0 |  0  1 -1  0  0 |   1
 *|  0  0  1  1  1  1  0  0 |  0  0  1  0  0 |   2
  |  0  0  0  1  0  1  1  0 |  0  0  0  1  0 |   4
-1|  0  0  0  0  0  0  1  1 | -1  0 -1  0  1 |   4
--+-------------------------+----------------+-----
-3|  0  1  0  0  0  0  2  1 | -2  0 -3  0  0 |   9
===================================================
  |  1  1  0  0  0  0  0  0 |  1  0  0  0  0 |   2
  |  0  1  0  0 -1 -1  0  0 |  0  1 -1  0  0 |   1
  |  0  0  1  1  1  1  0  0 |  0  0  1  0  0 |   2
 *|  0  0  0  1  0  1  1  0 |  0  0  0  1  0 |   4
-1|  0  0  0 -1  0 -1  0  1 | -1  0 -1 -1  1 |   0
--+-------------------------+----------------+-----
-2|  0  1  0 -2  0 -2  0  1 | -2  0 -3 -2  0 |   1
===================================================
-1|  1  0  0  0  1  1  0  0 |  1  0  0  0  0 |   1
 *|  0  1  0  0 -1 -1  0  0 |  0  1 -1  0  0 |   1
  |  0  0  1  1  1  1  0  0 |  0  0  1  0  0 |   2
  |  0  0  0  1  0  1  1  0 |  0  0  0  1  0 |   4
  |  0  0  0 -1  0 -1  0  1 | -1  0 -1 -1  1 |   0
--+-------------------------+----------------+-----
-1|  0  0  0 -2  1 -1  0  1 | -2 -1 -2 -2  0 |   0
===================================================

BFS:  m = (1, 1, 2, 0, 0, 0, 4, 0),  w = (0, 0, 0, 0, 0)


  | m1 m2 m3 m4 m5 m6 m7 m8 |  P
==================================
  |  1  0  0  0  1  1  0  0 |   1
  |  0  1  0  0 -1 -1  0  0 |   1
  |  0  0  1  1  1  1  0  0 |   2
  |  0  0  0  1  0  1  1  0 |   4
  |  0  0  0 -1  0 -1  0  1 |   0

--+-------------------------+-----
  |  0  0  0  1  0  0  0  0 |   0
==================================
  |  1  0  0  0  1  1  0  0 |   1
  |  0  1  0  0 -1 -1  0  0 |   1
 *|  0  0  1  1  1  1  0  0 |   2
-1|  0  0 -1  0 -1  0  1  0 |   2
+1|  0  0  1  0  1  0  0  1 |   2
--+-------------------------+-----
-1|  0  0 -1  0 -1 -1  0  0 |  -2
==================================
0 <= m4 <= 2

--+-------------------------+-----
  |  0  0  0  0  1  0  0  0 |   0
==================================
 *|  1  0  0  0  1  1  0  0 |   1
+1|  1  1  0  0  0  0  0  0 |   2
-1| -1  0  1  1  0  0  0  0 |   1
  |  0  0  0  1  0  1  1  0 |   4
  |  0  0  0 -1  0 -1  0  1 |   0
--+-------------------------+-----
-1| -1  0  0  0  0 -1  0  0 |  -1
==================================
0 <= m5 <= 1

--+-------------------------+-----
  |  0  0  0  0  0  1  0  0 |   0
==================================
 *|  1  0  0  0  1  1  0  0 |   1
+1|  1  1  0  0  0  0  0  0 |   2
-1| -1  0  1  1  0  0  0  0 |   1
-1| -1  0  0  1 -1  0  1  0 |   3
+1|  1  0  0 -1  1  0  0  1 |   1
--+-------------------------+-----
-1| -1  0  0  0 -1  0  0  0 |  -1
==================================
0 <= m6 <= 1



  | m5 m6 m8 |  P
===================
  |  1  1  0 |   1
  | -1 -1  0 |   1
  |  1  0  1 |   2
  |  0  1 -1 |   0
  |  0  0  1 |   4

--+----------+-----
  |  1  0  0 |   0
===================
 *|  1  1  0 |   1
+1|  0  0  0 |   2
-1|  0 -1  1 |   1
  |  0  1 -1 |   0
  |  0  0  1 |   4
--+----------+-----
-1|  0 -1  0 |   1
===================
0 <= m5 <= 1

--+----------+-----
  |  0  1  0 |   0
===================
-1|  1  0  1 |   1
+1| -1  0 -1 |   1
  |  1  0  1 |   2
 *|  0  1 -1 |   0
  |  0  0  1 |   4
--+----------+-----
-1|  0  0  1 |   0
===================
 *|  1  0  1 |   1
+1|  0  0  0 |   2
-1|  0  0  0 |   1
+1|  1  1  0 |   1
-1| -1  0  0 |   3
--+----------+-----
-1| -1  0  0 |   1
===================
0 <= m6 <= 1

--+----------+-----
  |  0  0  1 |   0
===================
  |  1  1  0 |   1
  | -1 -1  0 |   1
 *|  1  0  1 |   2
+1|  1  1  0 |   2
-1| -1  0  0 |   2
--+----------+-----
-1| -1  0  0 |  -2
===================
0 <= m8 <= 2








  | m5 m6 m8 |  P
===================
  | -2  1  0 |   1
  | -1 -1  0 |   1
  |  0  0  1 |   2
  |  0  1 -1 |   0
  |  0  0  1 |   4
--+----------+-----
  |  0  1  0 |   0
===================
-1| -2  0  1 |   1
+1| -1  0 -1 |   1
  |  0  0  1 |   2
 *|  0  1 -1 |   0
  |  0  0  1 |   4
--+----------+-----
-1|  0  0  1 |   0
===================
 *| -2  0  1 |   1
+1| -3  0  0 |   2
-1|  2  0  0 |   1
+1| -2  1  0 |   1
-1|  2  0  0 |   3
--+----------+-----
-1|  2  0  0 |  -1
===================
+2|  0  0  1 |   1
+3|  0  0  0 |   3.5
 *|  1  0  0 |   0.5
+2|  0  1  0 |   2
-2|  0  0  0 |   2
--+----------+-----
-2|  0  0  0 |  -2
===================
0 <= m6 <= 2